-5.0000000000004885E+00
-5.0000000000002203E+00
-5.0000000000002203E+00
-5.0000000000002203E+00
-5.0000000000002203E+00
-5.0000000000002203E+00
-5.0000000000002203E+00
-4.9999999999999520E+00
-5.0000000000002682E+00
-5.0000000000000000E+00
-5.0000000000000000E+00
-5.0000000000000000E+00
-5.0000000000000000E+00
-5.0000000000000000E+00
-5.0000000000000000E+00
-4.9999999999997318E+00
-5.0000000000002682E+00
-5.0000000000000000E+00
-5.0000000000000000E+00
-5.0000000000000000E+00
-5.0000000000000000E+00
-5.0000000000000000E+00
-5.0000000000000000E+00
-4.9999999999997318E+00
-5.0000000000002682E+00
-5.0000000000000000E+00
-5.0000000000000000E+00
-5.0000000000000000E+00
-5.0000000000000000E+00
-5.0000000000000000E+00
-5.0000000000000000E+00
-4.9999999999997318E+00
-5.0000000000002682E+00
-5.0000000000000000E+00
-5.0000000000000000E+00
-5.0000000000000000E+00
-5.0000000000000000E+00
-5.0000000000000000E+00
-5.0000000000000000E+00
-4.9999999999997318E+00
-5.0000000000002682E+00
-5.0000000000000000E+00
-5.0000000000000000E+00
-5.0000000000000000E+00
-5.0000000000000000E+00
-5.0000000000000000E+00
-5.0000000000000000E+00
-4.9999999999997318E+00
-5.0000000000002682E+00
-5.0000000000000000E+00
-5.0000000000000000E+00
-5.0000000000000000E+00
-5.0000000000000000E+00
-5.0000000000000000E+00
-5.0000000000000000E+00
-4.9999999999997318E+00
-5.0000000000004903E+00
-5.0000000000002203E+00
-5.0000000000002203E+00
-5.0000000000002203E+00
-5.0000000000002203E+00
-5.0000000000002203E+00
-5.0000000000002203E+00
-4.9999999999999503E+00
-5.0000000000002203E+00
-5.0000000000002203E+00
-5.0000000000002203E+00
-5.0000000000002203E+00
-5.0000000000002203E+00
-5.0000000000002203E+00
-5.0000000000002203E+00
-5.0000000000002203E+00
-5.0000000000000000E+00
-5.0000000000000000E+00
-5.0000000000000000E+00
-5.0000000000000000E+00
-5.0000000000000000E+00
-5.0000000000000000E+00
-5.0000000000000000E+00
-5.0000000000000000E+00
-5.0000000000000000E+00
-5.0000000000000000E+00
-5.0000000000000000E+00
-5.0000000000000000E+00
-5.0000000000000000E+00
-5.0000000000000000E+00
-5.0000000000000000E+00
-5.0000000000000000E+00
-5.0000000000000000E+00
-5.0000000000000000E+00
-5.0000000000000000E+00
-5.0000000000000000E+00
-5.0000000000000000E+00
-5.0000000000000000E+00
-5.0000000000000000E+00
-5.0000000000000000E+00
-5.0000000000000000E+00
-5.0000000000000000E+00
-5.0000000000000000E+00
-5.0000000000000000E+00
-5.0000000000000000E+00
-5.0000000000000000E+00
-5.0000000000000000E+00
-5.0000000000000000E+00
-5.0000000000000000E+00
-5.0000000000000000E+00
-5.0000000000000000E+00
-5.0000000000000000E+00
-5.0000000000000000E+00
-5.0000000000000000E+00
-5.0000000000000000E+00
-5.0000000000000000E+00
-5.0000000000000000E+00
-5.0000000000000000E+00
-5.0000000000000000E+00
-5.0000000000000000E+00
-5.0000000000000000E+00
-5.0000000000000000E+00
-5.0000000000000000E+00
-5.0000000000000000E+00
-5.0000000000002203E+00
-5.0000000000002203E+00
-5.0000000000002203E+00
-5.0000000000002203E+00
-5.0000000000002203E+00
-5.0000000000002203E+00
-5.0000000000002203E+00
-5.0000000000002203E+00
-5.0000000000002203E+00
-5.0000000000002203E+00
-5.0000000000002203E+00
-5.0000000000002203E+00
-5.0000000000002203E+00
-5.0000000000002203E+00
-5.0000000000002203E+00
-5.0000000000002203E+00
-5.0000000000000000E+00
-5.0000000000000000E+00
-5.0000000000000000E+00
-5.0000000000000000E+00
-5.0000000000000000E+00
-5.0000000000000000E+00
-5.0000000000000000E+00
-5.0000000000000000E+00
-5.0000000000000000E+00
-5.0000000000000000E+00
-5.0000000000000000E+00
-5.0000000000000000E+00
-5.0000000000000000E+00
-5.0000000000000000E+00
-5.0000000000000000E+00
-5.0000000000000000E+00
-5.0000000000000000E+00
-5.0000000000000000E+00
-5.0000000000000000E+00
-5.0000000000000000E+00
-5.0000000000000000E+00
-5.0000000000000000E+00
-5.0000000000000000E+00
-5.0000000000000000E+00
-5.0000000000000000E+00
-5.0000000000000000E+00
-5.0000000000000000E+00
-5.0000000000000000E+00
-5.0000000000000000E+00
-5.0000000000000000E+00
-5.0000000000000000E+00
-5.0000000000000000E+00
-5.0000000000000000E+00
-5.0000000000000000E+00
-5.0000000000000000E+00
-5.0000000000000000E+00
-5.0000000000000000E+00
-5.0000000000000000E+00
-5.0000000000000000E+00
-5.0000000000000000E+00
-5.0000000000000000E+00
-5.0000000000000000E+00
-5.0000000000000000E+00
-5.0000000000000000E+00
-5.0000000000000000E+00
-5.0000000000000000E+00
-5.0000000000000000E+00
-5.0000000000000000E+00
-5.0000000000002203E+00
-5.0000000000002203E+00
-5.0000000000002203E+00
-5.0000000000002203E+00
-5.0000000000002203E+00
-5.0000000000002203E+00
-5.0000000000002203E+00
-5.0000000000002203E+00
-5.0000333299997468E+00
-5.0000333299997166E+00
-5.0000333299997166E+00
-5.0000333299997166E+00
-5.0000333299997166E+00
-5.0000333299997166E+00
-5.0000333299997166E+00
-5.0000333299999538E+00
-5.0000333299995265E+00
-5.0000333299994963E+00
-5.0000333299994963E+00
-5.0000333299994963E+00
-5.0000333299994963E+00
-5.0000333299994963E+00
-5.0000333299994963E+00
-5.0000333299997335E+00
-5.0000333299995265E+00
-5.0000333299994963E+00
-5.0000333299994963E+00
-5.0000333299994963E+00
-5.0000333299994963E+00
-5.0000333299994963E+00
-5.0000333299994963E+00
-5.0000333299997335E+00
-5.0000333299995265E+00
-5.0000333299994963E+00
-5.0000333299994963E+00
-5.0000333299994963E+00
-5.0000333299994963E+00
-5.0000333299994963E+00
-5.0000333299994963E+00
-5.0000333299997335E+00
-5.0000333299995265E+00
-5.0000333299994963E+00
-5.0000333299994963E+00
-5.0000333299994963E+00
-5.0000333299994963E+00
-5.0000333299994963E+00
-5.0000333299994963E+00
-5.0000333299997335E+00
-5.0000333299995265E+00
-5.0000333299994963E+00
-5.0000333299994963E+00
-5.0000333299994963E+00
-5.0000333299994963E+00
-5.0000333299994963E+00
-5.0000333299994963E+00
-5.0000333299997335E+00
-5.0000333299995265E+00
-5.0000333299994963E+00
-5.0000333299994963E+00
-5.0000333299994963E+00
-5.0000333299994963E+00
-5.0000333299994963E+00
-5.0000333299994963E+00
-5.0000333299997335E+00
-5.0000333299997450E+00
-5.0000333299997166E+00
-5.0000333299997166E+00
-5.0000333299997166E+00
-5.0000333299997166E+00
-5.0000333299997166E+00
-5.0000333299997166E+00
-5.0000333299999511E+00
-4.0000333299993933E+00
-4.0000333299993436E+00
-4.0000333299993436E+00
-4.0000333299993436E+00
-4.0000333299993436E+00
-4.0000333299993436E+00
-4.0000333299993436E+00
-4.0000333299993489E+00
-4.0000333299997735E+00
-4.0000333299997237E+00
-4.0000333299997237E+00
-4.0000333299997237E+00
-4.0000333299997237E+00
-4.0000333299997237E+00
-4.0000333299997237E+00
-4.0000333299997148E+00
-4.0000333299997735E+00
-4.0000333299997237E+00
-4.0000333299997237E+00
-4.0000333299997237E+00
-4.0000333299997237E+00
-4.0000333299997237E+00
-4.0000333299997237E+00
-4.0000333299997148E+00
-4.0000333299997735E+00
-4.0000333299997237E+00
-4.0000333299997237E+00
-4.0000333299997237E+00
-4.0000333299997237E+00
-4.0000333299997237E+00
-4.0000333299997237E+00
-4.0000333299997148E+00
-4.0000333299997735E+00
-4.0000333299997237E+00
-4.0000333299997237E+00
-4.0000333299997237E+00
-4.0000333299997237E+00
-4.0000333299997237E+00
-4.0000333299997237E+00
-4.0000333299997148E+00
-4.0000333299997735E+00
-4.0000333299997237E+00
-4.0000333299997237E+00
-4.0000333299997237E+00
-4.0000333299997237E+00
-4.0000333299997237E+00
-4.0000333299997237E+00
-4.0000333299997148E+00
-4.0000333299997735E+00
-4.0000333299997237E+00
-4.0000333299997237E+00
-4.0000333299997237E+00
-4.0000333299997237E+00
-4.0000333299997237E+00
-4.0000333299997237E+00
-4.0000333299997148E+00
-4.0000333299997273E+00
-4.0000333299996775E+00
-4.0000333299996775E+00
-4.0000333299996775E+00
-4.0000333299996775E+00
-4.0000333299996775E+00
-4.0000333299996775E+00
-4.0000333299996775E+00
-5.0000000000004885E+00
-5.0000000000002203E+00
-5.0000000000002203E+00
-4.9999999999999520E+00
-5.0000000000002682E+00
-5.0000000000000000E+00
-5.0000000000000000E+00
-4.9999999999997318E+00
-5.0000000000002682E+00
-5.0000000000000000E+00
-5.0000000000000000E+00
-4.9999999999997318E+00
-5.0000000000004903E+00
-5.0000000000002203E+00
-5.0000000000002203E+00
-4.9999999999999503E+00
-5.0000000000002203E+00
-5.0000000000002203E+00
-5.0000000000002203E+00
-5.0000000000002203E+00
-5.0000000000000000E+00
-5.0000000000000000E+00
-5.0000000000000000E+00
-5.0000000000000000E+00
-5.0000000000000000E+00
-5.0000000000000000E+00
-5.0000000000000000E+00
-5.0000000000000000E+00
-5.0000000000002203E+00
-5.0000000000002203E+00
-5.0000000000002203E+00
-5.0000000000002203E+00
-5.0000000000002203E+00
-5.0000000000002203E+00
-5.0000000000002203E+00
-5.0000000000002203E+00
-5.0000000000000000E+00
-5.0000000000000000E+00
-5.0000000000000000E+00
-5.0000000000000000E+00
-5.0000000000000000E+00
-5.0000000000000000E+00
-5.0000000000000000E+00
-5.0000000000000000E+00
-5.0000000000002203E+00
-5.0000000000002203E+00
-5.0000000000002203E+00
-5.0000000000002203E+00
-5.0000333299997468E+00
-5.0000333299997166E+00
-5.0000333299997166E+00
-5.0000333299999538E+00
-5.0000333299995265E+00
-5.0000333299994963E+00
-5.0000333299994963E+00
-5.0000333299997335E+00
-5.0000333299995265E+00
-5.0000333299994963E+00
-5.0000333299994963E+00
-5.0000333299997335E+00
-5.0000333299997450E+00
-5.0000333299997166E+00
-5.0000333299997166E+00
-5.0000333299999511E+00
-4.0000333299993933E+00
-4.0000333299993436E+00
-4.0000333299993436E+00
-4.0000333299993489E+00
-4.0000333299997735E+00
-4.0000333299997237E+00
-4.0000333299997237E+00
-4.0000333299997148E+00
-4.0000333299997735E+00
-4.0000333299997237E+00
-4.0000333299997237E+00
-4.0000333299997148E+00
-4.0000333299997273E+00
-4.0000333299996775E+00
-4.0000333299996775E+00
-4.0000333299996775E+00
-5.0000000000002682E+00
-5.0000000000000000E+00
-5.0000000000000000E+00
-4.9999333299965656E+00
-5.0000000000002682E+00
-5.0000000000000000E+00
-5.0000000000000000E+00
-4.9999333299965656E+00
-5.0000000000002682E+00
-5.0000000000000000E+00
-5.0000000000000000E+00
-4.9999333299965656E+00
-5.0000000000004903E+00
-5.0000000000002203E+00
-5.0000000000002203E+00
-4.9999333299967859E+00
-5.0000000000000000E+00
-5.0000000000000000E+00
-5.0000000000000000E+00
-5.0000000000000000E+00
-5.0000000000000000E+00
-5.0000000000000000E+00
-5.0000000000000000E+00
-5.0000000000000000E+00
-5.0000000000000000E+00
-5.0000000000000000E+00
-5.0000000000000000E+00
-5.0000000000000000E+00
-5.0000000000002203E+00
-5.0000000000002203E+00
-5.0000000000002203E+00
-5.0000000000002203E+00
-5.0000000000000000E+00
-5.0000000000000000E+00
-5.0000000000000000E+00
-5.0000000000000000E+00
-5.0000000000000000E+00
-5.0000000000000000E+00
-5.0000000000000000E+00
-5.0000000000000000E+00
-5.0000000000000000E+00
-5.0000000000000000E+00
-5.0000000000000000E+00
-5.0000000000000000E+00
-5.0000000000002203E+00
-5.0000000000002203E+00
-5.0000000000002203E+00
-5.0000000000002203E+00
-5.0000333299995265E+00
-5.0000333299994963E+00
-5.0000333299994963E+00
-5.0000265299995590E+00
-5.0000333299995265E+00
-5.0000333299994963E+00
-5.0000333299994963E+00
-5.0000265299995590E+00
-5.0000333299995265E+00
-5.0000333299994963E+00
-5.0000333299994963E+00
-5.0000265299995590E+00
-5.0000333299997450E+00
-5.0000333299997166E+00
-5.0000333299997166E+00
-5.0000265299997793E+00
-4.0000333299997735E+00
-4.0000333299997237E+00
-4.0000333299997237E+00
-4.0000333299994963E+00
-4.0000333299997735E+00
-4.0000333299997237E+00
-4.0000333299997237E+00
-4.0000333299994963E+00
-4.0000333299997735E+00
-4.0000333299997237E+00
-4.0000333299997237E+00
-4.0000333299994963E+00
-4.0000333299997273E+00
-4.0000333299996775E+00
-4.0000333299996775E+00
-4.0000333299994573E+00
-4.9999666999977261E+00
-4.9999666999974579E+00
-4.9999666999974579E+00
-4.9999666999974579E+00
-1.9999966699993820E+01
-1.9999966699993820E+01
-4.9999666999974579E+00
-2.0000000029991497E+01
-5.0000000000002682E+00
-5.0000000000000000E+00
-5.0000000000000000E+00
-5.0000000000000000E+00
-2.0000000000000000E+01
-2.0000000000000000E+01
-5.0000000000000000E+00
-1.9999933329992928E+01
-1.9999942799996411E+01
-1.9999942800001008E+01
-1.9999942800001008E+01
-1.9999942800001008E+01
-7.9999571979977190E+01
-1.9999942819995340E+01
-7.9999905300035607E+01
-5.0000000000002682E+00
-5.0000000000000000E+00
-5.0000000000000000E+00
-5.0000000000000000E+00
-2.0000000000000000E+01
-2.0000000000000000E+01
-5.0000000000000000E+00
-1.9999933330007480E+01
-1.9999971399995907E+01
-1.9999971400000504E+01
-1.9999971400000504E+01
-1.9999971380006173E+01
-1.9999971419994836E+01
-7.9999619300011545E+01
-1.9999971399995907E+01
-1.9999971400000504E+01
-1.9999971400000504E+01
-1.9999971380006173E+01
-1.9999971400000504E+01
-5.0000000000002682E+00
-5.0000000000000000E+00
-5.0000000000000000E+00
-5.0000000000000000E+00
-2.0000000000000000E+01
-2.0000000000000000E+01
-5.0000000000000000E+00
-1.9999933329992928E+01
-5.0000000000002682E+00
-5.0000000000000000E+00
-5.0000000000000000E+00
-5.0000000000000000E+00
-2.0000000000000000E+01
-2.0000000000000000E+01
-5.0000000000000000E+00
-1.9999933329992928E+01
-5.0000000000002682E+00
-5.0000000000000000E+00
-5.0000000000000000E+00
-5.0000000000000000E+00
-2.0000000000000000E+01
-2.0000000000000000E+01
-5.0000000000000000E+00
-1.9999933329992928E+01
-4.9999666699986847E+00
-4.9999666699984164E+00
-4.9999666699984164E+00
-4.9999666699984164E+00
-1.9999966699998417E+01
-1.9999966699998417E+01
-4.9999666699984164E+00
-2.0000000029996094E+01
-4.9999667000001864E+00
-4.9999667000001864E+00
-4.9999667000001864E+00
-4.9999667000001864E+00
-1.9999966699997458E+01
-1.9999966699997458E+01
-4.9999667000001864E+00
-1.9999966699997458E+01
-5.0000000000000000E+00
-5.0000000000000000E+00
-5.0000000000000000E+00
-5.0000000000000000E+00
-2.0000000000000000E+01
-2.0000000000000000E+01
-5.0000000000000000E+00
-2.0000000000000000E+01
-2.0000042799998482E+01
-2.0000042799998482E+01
-2.0000042799998482E+01
-2.0000042799998482E+01
-7.9999572000000626E+01
-2.0000042799998482E+01
-7.9999572000000626E+01
-5.0000000000000000E+00
-5.0000000000000000E+00
-5.0000000000000000E+00
-5.0000000000000000E+00
-2.0000000000000000E+01
-2.0000000000003638E+01
-5.0000000000000000E+00
-2.0000000000000000E+01
-1.9999971400000504E+01
-1.9999971400000504E+01
-1.9999971400000504E+01
-1.9999971400000504E+01
-1.9999971400000504E+01
-8.0000285999994958E+01
-1.9999971400000504E+01
-1.9999971400000504E+01
-1.9999971400000504E+01
-1.9999971400000504E+01
-1.9999971400000504E+01
-5.0000000000000000E+00
-5.0000000000000000E+00
-5.0000000000000000E+00
-5.0000000000000000E+00
-2.0000000000000000E+01
-2.0000000000000000E+01
-5.0000000000000000E+00
-2.0000000000000000E+01
-5.0000000000000000E+00
-5.0000000000000000E+00
-5.0000000000000000E+00
-5.0000000000000000E+00
-2.0000000000000000E+01
-2.0000000000000000E+01
-5.0000000000000000E+00
-2.0000000000000000E+01
-5.0000000000000000E+00
-5.0000000000000000E+00
-5.0000000000000000E+00
-5.0000000000000000E+00
-2.0000000000000000E+01
-2.0000000000000000E+01
-5.0000000000000000E+00
-2.0000000000000000E+01
-4.9999666700002354E+00
-4.9999666700002354E+00
-4.9999666700002354E+00
-4.9999666700002354E+00
-1.9999966699998417E+01
-1.9999966699998417E+01
-4.9999666700002354E+00
-1.9999966699998417E+01
-4.9999667000001864E+00
-4.9999667000001864E+00
-4.9999667000001864E+00
-4.9999667000001864E+00
-1.9999966699997458E+01
-1.9999966699997458E+01
-4.9999667000001864E+00
-1.9999966699997458E+01
-5.0000000000000000E+00
-5.0000000000000000E+00
-5.0000000000000000E+00
-5.0000000000000000E+00
-2.0000000000000000E+01
-2.0000000000000000E+01
-5.0000000000000000E+00
-2.0000000000000000E+01
-2.0000042799998482E+01
-2.0000042799998482E+01
-2.0000042799998482E+01
-2.0000042799998482E+01
-7.9999572000000626E+01
-2.0000042799998482E+01
-7.9999572000000626E+01
-5.0000000000000000E+00
-5.0000000000000000E+00
-5.0000000000000000E+00
-5.0000000000000000E+00
-2.0000000000000000E+01
-2.0000000000003638E+01
-5.0000000000000000E+00
-2.0000000000000000E+01
-1.9999971400000504E+01
-1.9999971400000504E+01
-1.9999971400000504E+01
-1.9999971400000504E+01
-1.9999971400000504E+01
-8.0000285999994958E+01
-1.9999971400000504E+01
-1.9999971400000504E+01
-1.9999971400000504E+01
-1.9999971400000504E+01
-1.9999971400000504E+01
-5.0000000000000000E+00
-5.0000000000000000E+00
-5.0000000000000000E+00
-5.0000000000000000E+00
-2.0000000000000000E+01
-2.0000000000000000E+01
-5.0000000000000000E+00
-2.0000000000000000E+01
-5.0000000000000000E+00
-5.0000000000000000E+00
-5.0000000000000000E+00
-5.0000000000000000E+00
-2.0000000000000000E+01
-2.0000000000000000E+01
-5.0000000000000000E+00
-2.0000000000000000E+01
-5.0000000000000000E+00
-5.0000000000000000E+00
-5.0000000000000000E+00
-5.0000000000000000E+00
-2.0000000000000000E+01
-2.0000000000000000E+01
-5.0000000000000000E+00
-2.0000000000000000E+01
-4.9999666700002354E+00
-4.9999666700002354E+00
-4.9999666700002354E+00
-4.9999666700002354E+00
-1.9999966699998417E+01
-1.9999966699998417E+01
-4.9999666700002354E+00
-1.9999966699998417E+01
-5.0000000299997129E+00
-5.0000000299996827E+00
-5.0000000299996827E+00
-5.0000000299996827E+00
-2.0000000029998773E+01
-2.0000000029998773E+01
-5.0000000299996827E+00
-1.9999993229997926E+01
-5.0000333299995265E+00
-5.0000333299994963E+00
-5.0000333299994963E+00
-5.0000333299994963E+00
-2.0000033330001315E+01
-2.0000033330001315E+01
-5.0000333299994963E+00
-2.0000026530000468E+01
-1.9999976100001643E+01
-1.9999976099999913E+01
-1.9999976099999913E+01
-1.9999976099999913E+01
-7.9999905300021055E+01
-1.9999976120001520E+01
-7.9999878100017668E+01
-5.0000333299995265E+00
-5.0000333299994963E+00
-5.0000333299994963E+00
-5.0000333299994963E+00
-2.0000033329994039E+01
-2.0000033329997677E+01
-5.0000333299994963E+00
-2.0000026529993193E+01
-2.0000004700001139E+01
-2.0000004699999408E+01
-2.0000004699999408E+01
-2.0000004699999408E+01
-2.0000004720001016E+01
-7.9999592099993606E+01
-2.0000004700001139E+01
-2.0000004699999408E+01
-2.0000004699999408E+01
-2.0000004699999408E+01
-2.0000004720001016E+01
-5.0000333299995265E+00
-5.0000333299994963E+00
-5.0000333299994963E+00
-5.0000333299994963E+00
-2.0000033330001315E+01
-2.0000033330001315E+01
-5.0000333299994963E+00
-2.0000026530000468E+01
-5.0000333299995265E+00
-5.0000333299994963E+00
-5.0000333299994963E+00
-5.0000333299994963E+00
-2.0000033330001315E+01
-2.0000033330001315E+01
-5.0000333299994963E+00
-2.0000026530000468E+01
-5.0000333299995265E+00
-5.0000333299994963E+00
-5.0000333299994963E+00
-5.0000333299994963E+00
-2.0000033330001315E+01
-2.0000033330001315E+01
-5.0000333299994963E+00
-2.0000026530000468E+01
-4.9999999999997620E+00
-4.9999999999997318E+00
-4.9999999999997318E+00
-4.9999999999997318E+00
-2.0000000029999732E+01
-2.0000000029999732E+01
-4.9999999999997318E+00
-1.9999993229998886E+01
-4.0000666299995302E+00
-4.0000666299994787E+00
-4.0000666299994787E+00
-4.0000666299994787E+00
-1.6000066630001299E+01
-1.6000066630001299E+01
-4.0000666299994787E+00
-1.6000066629999260E+01
-4.0000332800005207E+00
-4.0000332800004710E+00
-4.0000332800004710E+00
-4.0000332800004710E+00
-1.6000033330002729E+01
-1.6000033130005470E+01
-4.0000332800004710E+00
-1.6000033330000697E+01
-1.6000047500002353E+01
-1.6000047500000544E+01
-1.6000047500000544E+01
-1.6000047500000544E+01
-6.4000191299974915E+01
-1.6000047520002152E+01
-6.4000191299974915E+01
-4.0000333299993294E+00
-4.0000333299992796E+00
-4.0000333299992796E+00
-4.0000333299992796E+00
-1.6000033329999717E+01
-1.6000033329999717E+01
-4.0000333299992796E+00
-1.6000033330003205E+01
-1.5999990400002346E+01
-1.5999990400000542E+01
-1.5999990400000542E+01
-1.5999990399999660E+01
-1.5999990420002149E+01
-6.4000762299983762E+01
-1.5999990400004123E+01
-1.5999990400002314E+01
-1.5999990400002314E+01
-1.5999990400001440E+01
-1.5999990420003048E+01
-4.0000332800008138E+00
-4.0000332800007623E+00
-4.0000332800007623E+00
-4.0000332800007623E+00
-1.6000033130003906E+01
-1.6000033130003906E+01
-4.0000332800007623E+00
-1.6000033130001867E+01
-4.0000333299997664E+00
-4.0000333299997148E+00
-4.0000333299997148E+00
-4.0000333299997148E+00
-1.6000033329999717E+01
-1.6000033329999717E+01
-4.0000333299997148E+00
-1.6000033329997677E+01
-4.0000333299997664E+00
-4.0000333299997148E+00
-4.0000333299997148E+00
-4.0000333299997148E+00
-1.6000033329999717E+01
-1.6000033329999717E+01
-4.0000333299997148E+00
-1.6000033329997677E+01
-4.0000666599993107E+00
-4.0000666599992609E+00
-4.0000666599992609E+00
-4.0000666599992609E+00
-1.6000066630000426E+01
-1.6000066630000426E+01
-4.0000666599992609E+00
-1.6000066629998386E+01
-1.0000025630004529E+01
-9.9999923300056253E+00
-9.9999923300056253E+00
-9.9999923400027910E+00
-2.5000004700006684E+01
-2.5000071399990702E+01
-2.5000071399990702E+01
-2.5000071469985414E+01
-4.0000476099987281E+01
-4.0000142799981404E+01
-4.0000142799981404E+01
-4.0000142899982166E+01
-1.0000025630004529E+01
-9.9999923300056253E+00
-9.9999923300056253E+00
-9.9999923400027910E+00
-1.0000000000000000E+01
-1.0000066700005846E+01
-1.0000066700005846E+01
-1.0000066710003011E+01
-5.0000000000000000E+00
-4.9999333299965656E+00
-4.9999333299965656E+00
-4.9999333299965656E+00
-1.0000066669999796E+01
-1.0000066669999796E+01
-4.0000666699983412E+01
-2.5000000019994332E+01
-4.9999333399973693E+00
-4.9999666699986847E+00
-4.9999666699986847E+00
-4.9999666699986847E+00
-1.0000033329997677E+01
-1.0000033329997677E+01
-4.0000333299976774E+01
-2.5000066630003857E+01
-9.9999922999995761E+00
-9.9999922999995761E+00
-9.9999922999995761E+00
-9.9999922999995761E+00
-2.4999971400000504E+01
-2.4999971400000504E+01
-2.4999971400000504E+01
-2.4999971400000504E+01
-4.0000142799995956E+01
-4.0000142799995956E+01
-4.0000142799995956E+01
-4.0000142799995956E+01
-9.9999922999995761E+00
-9.9999922999995761E+00
-9.9999922999995761E+00
-9.9999922999995761E+00
-9.9999666699986847E+00
-9.9999666699986847E+00
-9.9999666699986847E+00
-9.9999666699986847E+00
-5.0000333299994963E+00
-5.0000333299994963E+00
-5.0000333299994963E+00
-5.0000333299994963E+00
-9.9999666699968657E+00
-9.9999666699968657E+00
-3.9999666700001399E+01
-2.4999966689996654E+01
-4.9999666700005037E+00
-4.9999666700005037E+00
-4.9999666700005037E+00
-4.9999666700005037E+00
-1.0000033330001315E+01
-1.0000033330001315E+01
-4.0000333299998601E+01
-2.5000033300002542E+01
-9.9999922999995761E+00
-9.9999922999995761E+00
-9.9999922999995761E+00
-9.9999922999995761E+00
-2.4999971400000504E+01
-2.4999971400000504E+01
-2.4999971400000504E+01
-2.4999971400000504E+01
-4.0000142799995956E+01
-4.0000142799995956E+01
-4.0000142799995956E+01
-4.0000142799995956E+01
-9.9999922999995761E+00
-9.9999922999995761E+00
-9.9999922999995761E+00
-9.9999922999995761E+00
-9.9999666699986847E+00
-9.9999666699986847E+00
-9.9999666699986847E+00
-9.9999666699986847E+00
-5.0000333299994963E+00
-5.0000333299994963E+00
-5.0000333299994963E+00
-5.0000333299994963E+00
-9.9999666699968657E+00
-9.9999666699968657E+00
-3.9999666700001399E+01
-2.4999966689996654E+01
-4.9999666700005037E+00
-4.9999666700005037E+00
-4.9999666700005037E+00
-4.9999666700005037E+00
-1.0000033330001315E+01
-1.0000033330001315E+01
-4.0000333299998601E+01
-2.5000033300002542E+01
-1.0000005910000255E+01
-9.9999589700018987E+00
-9.9999589700018987E+00
-9.9999589600010950E+00
-2.5000005400001100E+01
-2.5000038100002712E+01
-2.5000038100002712E+01
-2.5000038100002712E+01
-4.0000197199995455E+01
-3.9999809399989317E+01
-3.9999809399989317E+01
-3.9999809399989317E+01
-1.0000005910000255E+01
-9.9999589700018987E+00
-9.9999589700018987E+00
-9.9999589600010950E+00
-9.9999802799993631E+00
-1.0000033340002119E+01
-1.0000033340002119E+01
-1.0000033330001315E+01
-5.0000095199984571E+00
-4.9999666599996999E+00
-4.9999666599996999E+00
-4.9999666599996999E+00
-9.9999999999981810E+00
-9.9999999999981810E+00
-4.0000000030006049E+01
-2.5000023829994461E+01
-5.0000428600005762E+00
-5.0000000000000000E+00
-5.0000000000000000E+00
-5.0000000000000000E+00
-9.9999666599978809E+00
-9.9999666599978809E+00
-3.9999666629999410E+01
-2.4999990440002875E+01
-7.9999537999990284E+00
-7.9999204699977131E+00
-7.9999204699977131E+00
-7.9999204699972761E+00
-1.9999957100006871E+01
-1.9999923800000690E+01
-1.9999923800000690E+01
-1.9999923799997777E+01
-3.1999714200002817E+01
-3.1999380899996940E+01
-3.1999380899996940E+01
-3.1999380899995192E+01
-7.9999537999978934E+00
-7.9999204699965780E+00
-7.9999204699965780E+00
-7.9999204699961410E+00
-7.9999333299988713E+00
-7.9999999999986677E+00
-7.9999999999986677E+00
-7.9999999999982307E+00
-4.9999333299975053E+00
-5.0000000000009397E+00
-5.0000000000009397E+00
-5.0000000000009397E+00
-1.0000033329999557E+01
-1.0000033329999557E+01
-4.0000333269996013E+01
-2.5000033370008850E+01
-4.9999666699986847E+00
-4.9999333399973693E+00
-4.9999333399973693E+00
-4.9999333399973693E+00
-1.0000000000000000E+01
-1.0000000000000000E+01
-3.9999999969993951E+01
-2.4999999970008503E+01
